[
    193,
    249,
    69,
    157,
    16,
    236,
    197,
    14,
    34,
    141,
    207,
    49,
    140,
    21,
    130,
    147,
    164,
    213,
    173,
    229,
    30,
    34,
    126,
    83,
    166,
    208,
    61,
    222,
    124,
    186,
    99,
    200,
    0,
    62,
    69,
    132,
    206,
    2,
    37,
    227,
    77,
    88,
    158,
    10,
    174,
    154,
    109,
    88,
    46,
    191,
    27,
    231,
    218,
    62,
    20,
    159,
    200,
    19,
    154,
    202,
    168,
    241,
    210,
    77
]